
 Nr. 62167.9 Dat: 2017 a  Picea  686 Werte   
BE/Labor Bern Fichtenchronologie Oberland >900m   MBO/ML
2018.02

   1 -   10      264   302   309   281   256   288   242   209   276   303
  11 -   20      295   322   318   271   312   217   255   253   247   268
  21 -   30      275   236   273   271   261   276   197   247   255   314
  31 -   40      323   335   268   264   250   267   211   246   212   224
  41 -   50      181   199   196   189   179   157   189   177   179   173
  51 -   60      140   170   161   129   158   166   166   176   144   166
  61 -   70      146   109   126   148   129   144   132   118   132   135
  71 -   80      183   180   157   164   176   219   202   219   216   217
  81 -   90      208   185   212   204   171   172   187   145   176   212
  91 -  100      211   232   243   219   244   215   239   258   249   243
 101 -  110      203   229   195   236   244   252   247   231   243   264
 111 -  120      231   187   212   220   217   197   200   220   235   199
 121 -  130      217   196   221   199   210   217   165   183   202   202
 131 -  140      142   161   183   172   183   152   177   163   151   214
 141 -  150      183   183   139   190   185   153   186   177   148   185
 151 -  160      173   186   181   172   206   199   167   172   187   153
 161 -  170      141   114   132   146   147   140   144   155   148   157
 171 -  180      153   121   115   122   128   138   132   128   140   141
 181 -  190      142   151   150   159   155   127   164   187   175   174
 191 -  200      171   158   176   189   191   181   187   177   208   183
 201 -  210      172   178   166   187   179   156   165   183   186   153
 211 -  220      193   189   197   199   147   152   162   141   164   176
 221 -  230      162   169   164   173   165   156   181   153   169   178
 231 -  240      198   177   174   155   159   144   159   134   166   131
 241 -  250      146   139   148   130   121   145   127   147   124   119
 251 -  260      124   134   166   156   141    92   112   121   117   111
 261 -  270      118   111   126   126   128   131   139   136   103   115
 271 -  280      117   121   122   120   132   137   122   164   183   154
 281 -  290      158   168   150   161   139   130   147   150   166   158
 291 -  300      173   136   135   136   135   139   116   153   147   165
 301 -  310      149   158   143   147   120   153   136   105   122   123
 311 -  320      128   133   133   110   127   112   109   114   119   134
 321 -  330      123   118   128   124   163   144   142   119   144   154
 331 -  340      140   136   156   145   140   138   125   115   103   124
 341 -  350      123   146   125   118   118   139   134   144   152   143
 351 -  360      149   152   129   132   125   118   125   124   132   140
 361 -  370      136   157   120   126   118   110   110   116   119   120
 371 -  380      114   127   124   110   119   132   154   129   160   156
 381 -  390      164   123   151   145   131   139   118   118   124   122
 391 -  400      137   126   143   114   136   131   134   117   122   113
 401 -  410      137   135   133   132   125   123   128   122   117   103
 411 -  420      103   117   121   119   119   119   114   125   118   136
 421 -  430      134   119   140   111   129   129   120   136   117   124
 431 -  440      129   149   139   132   140   114   128   148   143   133
 441 -  450      137   112   130   139   136   140   141   117   123   138
 451 -  460      120   124   145   141   142   143   112   123   130   122
 461 -  470      134   106   109   114   106    99   108   110   107   104
 471 -  480      118    98   113   118   123   118   114   127   105   117
 481 -  490      106   101    99    88    78    85    90    91    97    77
 491 -  500      100    99   124   131   124   131   134   136   110   118
 501 -  510      103   108   110   112   106   109   105   109   104   107
 511 -  520      125    97   112   107   125   114   117   113   112   119
 521 -  530      124   123   111   113   114   123   117   136   119   136
 531 -  540      121   144   138   142   141   147   136   137   140   128
 541 -  550      125   141   134   124   119   120   129   127   128   164
 551 -  560      142   126   121   126   106   132   111   121   111    99
 561 -  570      112   112   122   132   121   126   116   124   113   142
 571 -  580      125   129   146   135   123   111   145   102   129   135
 581 -  590      115   119   122   146   145   149   138   151   128   152
 591 -  600      136   155   163   168   142   160   171   160   158   188
 601 -  610      162   143   157   169   149   147   144   150   148   164
 611 -  620      198   204   188   197   164   193   125   150   180   187
 621 -  630      202   185   165   202   163   165   176   184   172   168
 631 -  640      163   183   209   172   180   179   164   193   183   197
 641 -  650      177   178   142   128   153   148   131   139   124   137
 651 -  660      170   169   147   162   166   154   178   183   164   143
 661 -  670      139   160   189   146   156   156   161   184   168   183
 671 -  680      170   204   179   189   214   206   192   202   193   200
 681 -  686      200   168   158   184   165    76
 (erstellt: 20181007)
